
full_name =

Xavier Richardson

Xavier Richardson

matrix0 =

   924   561   192
  -991  -221   807
   550  -771   150


matrix1 =

   1.0e+03 *

  Columns 1 through 7

    0.0036   -0.0108    0.1000    0.0016    0.0000   -0.0084    0.0200
   -0.0200   -0.0144   -0.0089   -0.0033    0.0022    0.0078    0.0133
   -0.6000   -0.5000   -0.4000   -0.3000   -0.2000   -0.1000         0
   -0.0400   -0.0360   -0.0320   -0.0280   -0.0240   -0.0200   -0.0160
         0    0.0011    0.0022    0.0033    0.0044    0.0056    0.0067

  Columns 8 through 10

    0.0085    0.0889   -1.0000
    0.0189    0.0244    0.0300
    0.1000    0.2000    0.3000
   -0.0120   -0.0080   -0.0040
    0.0078    0.0089    0.0100


matrix2 =

   924   561   192
   550  -771   150


element_35 =

  -200


matrix1_dims =

     5    10


matrix1_num_of_elems =

    50


column4_vector =

    1.5708
   -3.3333
 -300.0000
  -28.0000
    3.3333


column6_vector =

    7.7778
 -100.0000
  -20.0000


row3_vector =

  -600  -400  -100   300


matrix3 =

   1.0e+03 *

   -1.0000    0.0200    0.0016    0.0036
    0.3000         0   -0.3000   -0.6000
    0.0100    0.0067    0.0033         0


matrix4 =

   1.0e+03 *

    0.0036   -0.0108    0.0000    0.0085    0.0889   -1.0000
   -0.0400   -0.0360   -0.0240   -0.0120   -0.0080   -0.0040


matrix2 =

   924   561   192     0     0     0
   550  -771   150     0     0     0
     0     0     0     0     0     0
     0     0     0     0     0     0
     0     0     0     0     0     0
     0     0     0     0     0   100


matrix5 =

   924   561   192     0     0     0
   550  -771   150     0     0     0
     0     0     0     0     0     0
     0     0     0     0     0     0
     0     0     0     0     0     0
     0     0     0     0     0   100
   924   561   192     0     0     0
   550  -771   150     0     0     0
     0     0     0     0     0     0
     0     0     0     0     0     0
     0     0     0     0     0     0
     0     0     0     0     0   100


matrix4 =

   1.0e+03 *

    0.0036   -0.0108   -1.0000
   -0.0400   -0.0360   -0.0040


matrix5 =

   924   561   192     0     0     0
     0     0     0     0     0     0
     0     0     0     0     0     0
     0     0     0     0     0     0
     0     0     0     0     0   100
   924   561   192     0     0     0
   550  -771   150     0     0     0
     0     0     0     0     0     0
     0     0     0     0     0     0
     0     0     0     0     0     0


full_name =

Xavier Richardson

Xavier Richardson

matrix0 =

   924   561   192
  -991  -221   807
   550  -771   150


matrix1 =

   1.0e+03 *

  Columns 1 through 7

    0.0036   -0.0108    0.1000    0.0016    0.0000   -0.0084    0.0200
   -0.0200   -0.0144   -0.0089   -0.0033    0.0022    0.0078    0.0133
   -0.6000   -0.5000   -0.4000   -0.3000   -0.2000   -0.1000         0
   -0.0400   -0.0360   -0.0320   -0.0280   -0.0240   -0.0200   -0.0160
         0    0.0011    0.0022    0.0033    0.0044    0.0056    0.0067

  Columns 8 through 10

    0.0085    0.0889   -1.0000
    0.0189    0.0244    0.0300
    0.1000    0.2000    0.3000
   -0.0120   -0.0080   -0.0040
    0.0078    0.0089    0.0100


matrix2 =

   924   561   192
   550  -771   150


element_35 =

  -200


matrix1_dims =

     5    10


matrix1_num_of_elems =

    50


column4_vector =

    1.5708
   -3.3333
 -300.0000
  -28.0000
    3.3333


column6_vector =

    7.7778
 -100.0000
  -20.0000


row3_vector =

  -600  -400  -100   300


matrix3 =

   1.0e+03 *

   -1.0000    0.0200    0.0016    0.0036
    0.3000         0   -0.3000   -0.6000
    0.0100    0.0067    0.0033         0


matrix4 =

   1.0e+03 *

    0.0036   -0.0108    0.0000    0.0085    0.0889   -1.0000
   -0.0400   -0.0360   -0.0240   -0.0120   -0.0080   -0.0040


matrix2 =

   924   561   192     0     0     0
   550  -771   150     0     0     0
     0     0     0     0     0     0
     0     0     0     0     0     0
     0     0     0     0     0     0
     0     0     0     0     0   100


matrix5 =

   924   561   192     0     0     0
   550  -771   150     0     0     0
     0     0     0     0     0     0
     0     0     0     0     0     0
     0     0     0     0     0     0
     0     0     0     0     0   100
   924   561   192     0     0     0
   550  -771   150     0     0     0
     0     0     0     0     0     0
     0     0     0     0     0     0
     0     0     0     0     0     0
     0     0     0     0     0   100


matrix4 =

   1.0e+03 *

    0.0036   -0.0108   -1.0000
   -0.0400   -0.0360   -0.0040


matrix5 =

   924   561   192     0     0     0
     0     0     0     0     0     0
     0     0     0     0     0     0
     0     0     0     0     0     0
     0     0     0     0     0   100
   924   561   192     0     0     0
   550  -771   150     0     0     0
     0     0     0     0     0     0
     0     0     0     0     0     0
     0     0     0     0     0     0


full_name =

Xavier Richardson

Xavier Richardson

matrix0 =

   924   561   192
  -991  -221   807
   550  -771   150


matrix1 =

   1.0e+03 *

  Columns 1 through 6

    0.0036   -0.0108    0.1000    0.0016    0.0000   -0.0084
   -0.0200   -0.0144   -0.0089   -0.0033    0.0022    0.0078
   -0.6000   -0.5000   -0.4000   -0.3000   -0.2000   -0.1000
   -0.0400   -0.0360   -0.0320   -0.0280   -0.0240   -0.0200
         0    0.0011    0.0022    0.0033    0.0044    0.0056

  Columns 7 through 10

    0.0200    0.0085    0.0889   -1.0000
    0.0133    0.0189    0.0244    0.0300
         0    0.1000    0.2000    0.3000
   -0.0160   -0.0120   -0.0080   -0.0040
    0.0067    0.0078    0.0089    0.0100


matrix2 =

   924   561   192
   550  -771   150


element_35 =

  -200


matrix1_dims =

     5    10


matrix1_num_of_elems =

    50


column4_vector =

    1.5708
   -3.3333
 -300.0000
  -28.0000
    3.3333


column6_vector =

    7.7778
 -100.0000
  -20.0000


row3_vector =

  -600  -400  -100   300


matrix3 =

   1.0e+03 *

   -1.0000    0.0200    0.0016    0.0036
    0.3000         0   -0.3000   -0.6000
    0.0100    0.0067    0.0033         0


matrix4 =

   1.0e+03 *

    0.0036   -0.0108    0.0000    0.0085    0.0889   -1.0000
   -0.0400   -0.0360   -0.0240   -0.0120   -0.0080   -0.0040


matrix2 =

   924   561   192     0     0     0
   550  -771   150     0     0     0
     0     0     0     0     0     0
     0     0     0     0     0     0
     0     0     0     0     0     0
     0     0     0     0     0   100


matrix5 =

   924   561   192     0     0     0
   550  -771   150     0     0     0
     0     0     0     0     0     0
     0     0     0     0     0     0
     0     0     0     0     0     0
     0     0     0     0     0   100
   924   561   192     0     0     0
   550  -771   150     0     0     0
     0     0     0     0     0     0
     0     0     0     0     0     0
     0     0     0     0     0     0
     0     0     0     0     0   100


matrix4 =

   1.0e+03 *

    0.0036   -0.0108   -1.0000
   -0.0400   -0.0360   -0.0040


matrix5 =

   924   561   192     0     0     0
     0     0     0     0     0     0
     0     0     0     0     0     0
     0     0     0     0     0     0
     0     0     0     0     0   100
   924   561   192     0     0     0
   550  -771   150     0     0     0
     0     0     0     0     0     0
     0     0     0     0     0     0
     0     0     0     0     0     0


full_name =

Xavier Richardson

Xavier Richardson

matrix0 =

   924   561   192
  -991  -221   807
   550  -771   150


matrix1 =

   1.0e+03 *

  Columns 1 through 7

    0.0036   -0.0108    0.1000    0.0016    0.0000   -0.0084    0.0200
   -0.0200   -0.0144   -0.0089   -0.0033    0.0022    0.0078    0.0133
   -0.6000   -0.5000   -0.4000   -0.3000   -0.2000   -0.1000         0
   -0.0400   -0.0360   -0.0320   -0.0280   -0.0240   -0.0200   -0.0160
         0    0.0011    0.0022    0.0033    0.0044    0.0056    0.0067

